2995812
3040149
1427374
1403307
3259411
5958397
3184419
3041487
1395089
3390002
2131368
1394765
1396380
2134548
3717116
2131595
3801228
1394590
1431596
1406522
1401853
5351500
1788174
1402531
6816154
4738592
1394568
1403832
1422300
1463061
1405028
1394547
1394992
1436975
3313612
1900796
4323489
1394763
5344708
1395785
1401550
1421488
3427630
6113840
1394798
3335374
1776145
4935955
2009904
3590980
1960229
1402385
1406094
3671026
3039969
2282388
1408468
1419282
3220185
1968390
3603814
3076388
1394803
3871896
1889074
1401392
1449452
1958731
3821598
2210561
1407437
4725615
1547155
1395092
1394994
1406256
3179585
1823439
1948359
1421922
3097879
1408378
1407656
1846771
3838018
1424317
4116446
1408461
1394653
10448971
1394664
3236064
1394771
1394566
1400651
1395432
3526294
2150115
3088329
5395505
1415369
1407472
3746394
2044199
1422072
1394818
3222423
1394600
2347182
1408748
1405022
4706451
3143363
6722110
1891318
1769327
6082657
1394747
25927970
2052256
3533452
11027027
1394808
2078050
1405324
1758337
1405050
2266925
2350942
2299845
2164654
1427941
2153935
1408794
4009831
2042799
2264207
6064884
1875211
1395685
3837067
6974122
6047523
4884299
1401759
25709562
3035043
1394549
1404703
2285727
3815932
4820650
1949354
1933017
1920622
7065468
1407536
2032823
3264192
1408650
1395176
1442576
5355197
1999781
3226297
3770091
2977909
4060882
2144752
1439133
2058669
3566603
1458367
1395452
1394541
1419566
1395762
1394742
3567851
10831759
1788941
2359692
1950025
10430415
4032611
1416697
1455695
1986653
5322559
1776070
3788747
1395617
1982538
1421569
1394997
1413627
4923069
1403802
1394569
1394652
1462686
6903119
2154228
1923738
1419831
1419375
3021469
3435496
1401365
1796484
10767657
3013779
1403801
3729307
5365287
3158576
2083053
11524982
1394693
3843530
1403573
1395446
1937036
5292091
25811077
3005450
2286005
3579420
1404457
1410613
1408372
3807272
6540851
7065469
1395280
1397751
5325161
3323600
4010504
3767208
3313756
1438249
3803120
3313848
1395143
1407700
5360525
